 0 
 0 
 0 
 16 
 16 
 16 
 32 
 32 
 32 
 48 
 48 
 48 
 64 
 64 
 64 
 80 
 80 
 80 
 96 
 96 
 96 
 112 
 112 
 112 
 128 
 128 
 128 
 144 
 144 
 144 
 160 
 160 
 160 
 176 
 176 
 176 
 192 
 192 
 192 
 208 
 208 
 208 
 224 
 224 
 224 
 240 
 240 
 240 
 252 
 252 
 252 
 16 
 0 
 0 
 32 
 0 
 0 
 52 
 0 
 0 
 64 
 0 
 0 
 80 
 0 
 0 
 96 
 0 
 0 
 112 
 0 
 0 
 128 
 0 
 0 
 144 
 0 
 0 
 160 
 0 
 0 
 176 
 0 
 0 
 192 
 0 
 0 
 208 
 0 
 0 
 224 
 0 
 0 
 224 
 0 
 0 
 236 
 0 
 0 
 252 
 0 
 0 
 0 
 16 
 0 
 0 
 32 
 0 
 0 
 48 
 0 
 0 
 64 
 0 
 0 
 80 
 0 
 0 
 96 
 0 
 0 
 112 
 0 
 0 
 128 
 0 
 0 
 144 
 0 
 0 
 160 
 0 
 0 
 176 
 0 
 0 
 192 
 0 
 0 
 208 
 0 
 0 
 224 
 0 
 0 
 236 
 0 
 0 
 244 
 0 
 0 
 252 
 0 
 0 
 0 
 16 
 0 
 0 
 32 
 0 
 0 
 48 
 0 
 0 
 68 
 0 
 0 
 84 
 0 
 0 
 96 
 0 
 0 
 112 
 0 
 0 
 128 
 0 
 0 
 144 
 0 
 0 
 160 
 0 
 0 
 176 
 0 
 0 
 192 
 0 
 0 
 208 
 0 
 0 
 224 
 0 
 0 
 236 
 0 
 0 
 244 
 0 
 0 
 252 
 0 
 0 
 0 
 16 
 12 
 0 
 32 
 24 
 0 
 48 
 36 
 0 
 64 
 48 
 0 
 80 
 60 
 0 
 96 
 72 
 0 
 112 
 84 
 0 
 128 
 96 
 0 
 140 
 108 
 0 
 156 
 120 
 0 
 172 
 132 
 0 
 188 
 144 
 0 
 204 
 156 
 0 
 220 
 168 
 0 
 236 
 180 
 0 
 252 
 192 
 0 
 0 
 0 
 0 
 0 
 12 
 12 
 0 
 24 
 16 
 0 
 36 
 20 
 0 
 48 
 28 
 0 
 60 
 32 
 0 
 72 
 36 
 0 
 84 
 40 
 0 
 96 
 44 
 0 
 108 
 52 
 0 
 120 
 56 
 0 
 132 
 60 
 0 
 144 
 64 
 0 
 156 
 68 
 0 
 168 
 76 
 0 
 180 
 80 
 0 
 192 
 84 
 0 
 0 
 0 
 16 
 0 
 16 
 32 
 0 
 32 
 48 
 0 
 48 
 64 
 0 
 64 
 80 
 0 
 80 
 96 
 0 
 96 
 112 
 0 
 112 
 128 
 0 
 128 
 140 
 0 
 140 
 156 
 0 
 156 
 172 
 0 
 172 
 188 
 0 
 188 
 204 
 0 
 204 
 220 
 0 
 220 
 236 
 0 
 236 
 252 
 0 
 252 
 16 
 16 
 0 
 32 
 32 
 0 
 48 
 48 
 0 
 64 
 64 
 0 
 80 
 80 
 0 
 96 
 96 
 0 
 112 
 112 
 0 
 128 
 128 
 0 
 144 
 144 
 0 
 160 
 160 
 0 
 176 
 176 
 0 
 192 
 192 
 0 
 208 
 204 
 0 
 224 
 224 
 0 
 236 
 236 
 0 
 244 
 244 
 0 
 252 
 252 
 0 
 16 
 8 
 4 
 32 
 20 
 12 
 48 
 32 
 20 
 64 
 44 
 28 
 80 
 52 
 36 
 96 
 60 
 44 
 112 
 72 
 52 
 128 
 84 
 60 
 144 
 96 
 68 
 160 
 108 
 76 
 176 
 120 
 84 
 192 
 132 
 92 
 208 
 144 
 100 
 224 
 156 
 108 
 240 
 168 
 116 
 248 
 180 
 124 
 252 
 192 
 132 
 0 
 8 
 16 
 0 
 16 
 32 
 0 
 24 
 48 
 0 
 32 
 64 
 0 
 40 
 80 
 0 
 48 
 96 
 0 
 56 
 112 
 0 
 64 
 128 
 0 
 72 
 144 
 0 
 80 
 160 
 0 
 88 
 176 
 0 
 96 
 192 
 0 
 104 
 208 
 0 
 112 
 224 
 0 
 120 
 240 
 0 
 124 
 248 
 0 
 132 
 252 
 0 
 16 
 16 
 0 
 32 
 32 
 0 
 48 
 48 
 0 
 64 
 64 
 0 
 80 
 80 
 0 
 96 
 96 
 0 
 112 
 112 
 0 
 128 
 128 
 0 
 144 
 144 
 0 
 160 
 160 
 0 
 176 
 176 
 0 
 192 
 192 
 0 
 208 
 208 
 0 
 224 
 224 
 0 
 236 
 236 
 0 
 244 
 244 
 0 
 252 
 252 
 16 
 12 
 12 
 32 
 24 
 24 
 48 
 36 
 36 
 64 
 48 
 48 
 80 
 60 
 60 
 96 
 72 
 72 
 112 
 84 
 84 
 128 
 96 
 96 
 144 
 108 
 108 
 160 
 120 
 120 
 176 
 132 
 132 
 192 
 144 
 144 
 208 
 156 
 156 
 224 
 168 
 168 
 236 
 180 
 180 
 244 
 192 
 192 
 252 
 192 
 192 
 12 
 16 
 12 
 24 
 32 
 24 
 36 
 48 
 36 
 48 
 64 
 48 
 64 
 80 
 64 
 76 
 96 
 76 
 88 
 112 
 88 
 100 
 128 
 100 
 112 
 144 
 112 
 124 
 160 
 124 
 136 
 176 
 136 
 148 
 192 
 148 
 160 
 208 
 160 
 172 
 224 
 172 
 184 
 236 
 184 
 192 
 244 
 192 
 196 
 252 
 196 
 8 
 8 
 16 
 16 
 16 
 32 
 24 
 24 
 48 
 32 
 32 
 64 
 40 
 40 
 80 
 48 
 48 
 96 
 56 
 56 
 112 
 64 
 64 
 128 
 72 
 72 
 144 
 80 
 80 
 160 
 88 
 88 
 176 
 96 
 96 
 192 
 104 
 104 
 208 
 112 
 112 
 224 
 120 
 120 
 240 
 128 
 128 
 244 
 128 
 128 
 252 
 0 
 16 
 8 
 0 
 32 
 16 
 0 
 48 
 24 
 0 
 64 
 32 
 0 
 80 
 40 
 0 
 96 
 48 
 0 
 112 
 56 
 0 
 128 
 64 
 0 
 144 
 72 
 0 
 160 
 80 
 0 
 176 
 88 
 0 
 192 
 96 
 0 
 208 
 104 
 0 
 224 
 112 
 0 
 236 
 120 
 0 
 244 
 128 
 0 
 252 
 136 
 0 
 0 
 0 
